100072700268884
100072527269486
100072750906197
100072744936488
100072499164574
100072477176185
100072778384770
100072693669057
100060583372783
100058813279198
100072846481818
100072681309512
100072554174435
100060439732436
100072883830232
100072843122121
100072723097609
100072519771041
100072872910660
100072810573444
100060243202186
100058159247796
100072589752894
100072471446884
100061391483988
100057901757631
100072837812339
100072794463482
100057551206145
100057318404774
100072850291820
100072631781548
100072538545874
100072464156833
100072562543750
100072544575536
100057274544645
100057242594290
100072842102099
100072688239256
100072533626238
100059912571094
100072708908297
100072525860513
100060131572228
100060107631852
100072864481084
100072716887802
100072522741179
100059654570701