100060542032302
100058392228392
100072887130031
100072627281790
100060274551929
100057548026156
100072819603179
100059688110476
100059341280103
100058838749188
100072516831280
100072502974810
100060867743130
100058721478686
100072832922412
100060685882517
100059938551196
100057084870627
100072847531977
100072754626162
100058436028486
100057832907088
100072867331053
100072860581416
100072798634270
100058855519699
100072864931139
100072858721535
100072660910373
100072458307059
100072840662148
100072784624595
100072760565854
100072528499147
100072679809642
100058747639099
100058678248821
100057114181112
100072856321704
100072798724180
100072575533516
100058855129672
100072693279277
100072644351351
100072504924474
100060583222646
100072705398627
100072690399484
100059689010481
100058562328633