100060686572820
100059639690366
100072829352319
100072743136609
100072543255691
100072479936141
100072870480801
100072780364609
100072587342177
100072492654868
100072798574136
100072670569964
100072558854381
100072490795761
100072832922395
100072511374315
100061055663405
100059012629895
100072660400164
100072594852636
100060868343309
100058304268156
100072680409408
100072642581122
100072506754649
100061017533351
100072650080900
100072642491207
100072630821596
100072543945461
100072712628087
100072517221226
100072491155521
100057840467220
100072682058587
100072672189856
100072559034014
100057840347396
100072694179048
100072568063733
100072524390881
100072487494940
100072480596262
100072467097023
100072840662156
100072509454502
100072460917124
100061368864164
100072768035256
100072617352170