100072851041856
100072812253330
100072715867793
100072605202586
100072857791713
100072769625298
100072655240619
100072595212741
100072756846057
100072607356657
100072498594750
100057958157937
100072705338505
100072653920267
100072525590885
100059341610441
100072773735156
100072670870029
100072598112848
100072462147180
100072758405984
100072538336052
100072461457277
100058287108026
100072743076605
100072630101742
100072576733647
100060329992426
100072822872956
100072725857474
100072657070615
100072543375677
100072849212046
100072639701376
100058955959833
100058908799592
100072851371849
100072800254280
100072796444371
100072483836039
100072694688943
100072604146936
100072598233478
100061610125108
100072808922959
100072723337551
100072709958131
100072689919190
100072484345928
100061143923642