100058562178507
100057425535002
100072842942250
100072512274274
100072482215899
100060329992440
100072534586261
100061370184057
100061294764001
100059662130779
100072803853567
100072671409819
100072540256010
100061056653804
100072816393187
100072524421021
100072461997324
100058709148813
100072886950130
100072696879051
100072585402995
100060692482670
100072736536807
100072566324122
100072544965633
100059985981908
100072793594432
100072768395380
100072626891685
100072487135080
100072865801154
100072812253359
100072690159338
100072668350180
100072596942931
100061229423999
100058912609666
100058520148569
100072837782526
100072740646770
100072502164733
100072473186718